 
stylebkd_eigenvalues:  0.6796375513076782
synbkd_eigenvalues:  0.6336800456047058
